 1.54374 1.57882
 1.49678 1.726
 1.47743 1.70143
 1.40429 1.73417
 0.338478 1.83835
 0.30376 2.38823
 0.290972 0.310514
 0.285337 0.294459
 0.226469 0.227227
 0.216429 0.238723
 0.194558 0.198237
 0.19223 0.200883
 0.190193 0.20936
 0.177104 0.19581
 0.176135 0.203443
 0.174728 0.178193
 0.173339 0.196367
 0.173242 0.175567
 0.173053 0.175394
 0.172533 0.180562
 0.170218 0.195354
 0.165464 0.18652
 0.163734 0.164016
 0.162402 0.166878
 0.160387 0.207726
 0.157829 0.158578
 0.154727 0.192533
 0.15011 0.151618
 0.148523 0.164016
 0.141843 0.17028
 0.135967 0.162526
