 0 0.120112
 0 0.120256
 0 0.120309
 0 0.120325
 0 0.120531
 0 0.120706
 0 0.120844
 0 0.120991
 0 0.121102
 0 0.121295
 0 0.121427
 0 0.121451
 0 0.121578
 0 0.121627
 0 0.121678
 0 0.12172
 0 0.121793
 0 0.121812
 0 0.121848
 0 0.122015
 0 0.122026
 0 0.122046
 0 0.122125
 0 0.122238
 0 0.12239
 0 0.122421
 0 0.122519
 0 0.122525
 0 0.122697
 0 0.1227
 0 0.122782
 0 0.122812
 0 0.122901
 0 0.122936
 0 0.123025
 0 0.123079
 0 0.123266
 0 0.123302
 0 0.123316
 0 0.123399
 0 0.123407
 0 0.123491
 0 0.123523
 0 0.123591
 0 0.123604
 0 0.12379
 0 0.123939
 0 0.123949
 0 0.123953
 0 0.123981
 0 0.124138
 0 0.124268
 0 0.124344
 0 0.124488
 0 0.124509
 0 0.124567
 0 0.124636
 0 0.124662
 0 0.12494
 0 0.125165
 0 0.125192
 0 0.125192
 0 0.125284
 0 0.125431
 0 0.125439
 0 0.125561
 0 0.125601
 0 0.125608
 0 0.125636
 0 0.125676
 0 0.125949
 0 0.126008
 0 0.126017
 0 0.126239
 0 0.126456
 0 0.126704
 0 0.126756
 0 0.126771
 0 0.126975
 0 0.126997
 0 0.127106
 0 0.127109
 0 0.127236
 0 0.12729
 0 0.127328
 0 0.127467
 0 0.127614
 0 0.127644
 0 0.127941
 0 0.128268
 0 0.128406
 0 0.128663
 0 0.128711
 0 0.128872
 0 0.1289
 0 0.128955
 0 0.129076
 0 0.129132
 0 0.129202
 0 0.129299
 0 0.129319
 0 0.12957
 0 0.129572
 0 0.129602
 0 0.129614
 0 0.129678
 0 0.129698
 0 0.129882
 0 0.129917
 0 0.130531
 0 0.13074
 0 0.130864
 0 0.130913
 0 0.130973
 0 0.131005
 0 0.131225
 0 0.131237
 0 0.131317
 0 0.131355
 0 0.131456
 0 0.131921
 0 0.132076
 0 0.132191
 0 0.132234
 0 0.132382
 0 0.132392
 0 0.132436
 0 0.132699
 0 0.132722
 0 0.132771
 0 0.132996
 0 0.133359
 0 0.133441
 0 0.133452
 0 0.133474
 0 0.13356
 0 0.133599
 0 0.133725
 0 0.133921
 0 0.134131
 0 0.134223
 0 0.134352
 0 0.13438
 0 0.134382
 0 0.134391
 0 0.134468
 0 0.134469
 0 0.134479
 0 0.134533
 0 0.134925
 0 0.135012
 0 0.135115
 0 0.135153
 0 0.135162
 0 0.135227
 0 0.135293
 0 0.135865
 0 0.136026
 0 0.136269
 0 0.136457
 0 0.136712
 0 0.136814
 0 0.136883
 0 0.13733
 0 0.137585
 0 0.138023
 0 0.138131
 0 0.13819
 0 0.138688
 0 0.139033
 0 0.139849
 0 0.140428
 0 0.140549
 0 0.14065
 0 0.140814
 0 0.140902
 0 0.140932
 0 0.141176
 0 0.141248
 0 0.141251
 0 0.141924
 0 0.1424
 0 0.142442
 0 0.142554
 0 0.143343
 0 0.143345
 0 0.143361
 0 0.144054
 0 0.144496
 0 0.144511
 0 0.144645
 0 0.145
 0 0.145027
 0 0.145549
 0 0.145652
 0 0.146326
 0 0.146741
 0 0.147586
 0 0.147858
 0 0.148702
 0 0.149101
 0 0.149705
 0 0.150023
 0 0.150636
 0 0.151373
 0 0.154381
 0 0.154906
 0 0.155307
 0 0.155345
 0 0.156144
 0 0.156686
 0 0.157391
 0 0.157438
 0 0.157969
 0 0.158052
 0 0.15835
 0 0.158473
 0 0.158849
 0 0.15941
 0 0.160322
 0 0.160495
 0 0.161315
 0 0.162116
 0 0.162792
 0 0.165944
 0 0.166654
 0 0.166968
 0 0.167524
 0 0.167681
 0 0.167743
 0 0.167909
 0 0.167949
 0 0.168739
 0 0.170927
 0 0.171141
 0 0.173171
 0 0.173974
 0 0.174081
 0 0.174724
 0 0.17687
 0 0.178232
 0 0.178285
 0 0.179068
 0 0.179548
 0 0.179948
 0 0.180894
 0 0.181257
 0 0.181268
 0 0.18219
 0 0.184502
 0 0.185284
 0 0.186074
 0 0.187962
 0 0.189025
 0 0.189147
 0 0.199587
 0 0.209941
 0 0.210588
 0 0.210627
 0 0.212859
 0 0.216701
 0 0.217719
 0 0.221954
 0 0.222786
 0 0.228308
 0 0.22866
 0 0.239837
 0 0.247592
 0 0.247899
 0 0.249163
 0 0.249575
 0 0.260572
 0 0.263947
 0 0.278444
 0 0.2811
 0 0.297244
 0 1.393
 0 -1
