 12.4461 12.5169
 11.9716 12.168
 11.9503 12.343
 0.969109 1.05518
 0.958422 1.042
 0.876062 1.02458
 0.852792 0.925914
 0.834267 0.886603
 0.833513 0.881131
 0.820616 1.00066
 0.81798 0.830913
 0.790822 0.836873
 0.778278 0.790709
 0.761903 0.897464
 0.741844 0.7802
 0.717903 0.866966
 0.716963 0.802867
 0.706908 0.847384
 0.705679 0.715088
 0.704234 0.839663
 0.696445 0.699263
 0.686437 0.723986
 0.683302 0.932521
 0.677555 0.694145
 0.676944 0.75191
 0.676122 0.75036
 0.673873 0.86638
 0.673187 0.676792
 0.672342 0.80294
 0.667385 0.727585
 0.66265 0.762849
 0.661329 0.750192
 0.661105 0.787266
 0.658916 0.72073
 0.65883 0.663945
 0.653356 0.845116
 0.652087 0.674995
 0.651048 0.792531
 0.650658 0.784291
 0.649145 0.699292
 0.64845 0.785603
 0.647874 0.702953
 0.643311 0.644187
 0.638434 0.661078
 0.636693 0.823871
 0.63553 0.642416
 0.634971 0.672749
 0.634906 0.706167
 0.632914 0.688731
 0.632623 0.91323
 0.629171 0.748337
 0.629139 0.645295
 0.626943 0.86089
 0.624466 0.698019
 0.622674 0.875731
 0.616467 0.648683
 0.616121 0.625358
 0.614598 0.615402
 0.613767 0.699929
 0.613382 0.76545
 0.613367 0.669209
 0.611307 0.669791
 0.61106 0.613085
 0.609329 0.638712
 0.609015 0.61716
 0.605932 0.683728
 0.602766 0.631136
 0.600731 0.822207
 0.599297 0.684266
 0.593552 0.749045
 0.592781 0.834048
 0.588333 0.657904
 0.586054 0.818085
 0.581508 0.591209
 0.579578 0.637645
 0.577251 0.599989
 0.576847 0.607758
 0.575768 0.750397
 0.573979 0.588413
 0.571042 0.761468
 0.568666 0.64407
 0.567215 0.580675
 0.566553 0.595645
 0.563535 0.65496
 0.561558 0.578412
 0.557156 0.583094
 0.556106 0.634772
 0.555116 0.741628
 0.555075 0.645423
 0.554022 0.556737
 0.553775 0.661931
 0.550341 0.72033
 0.546686 0.671376
 0.545187 0.579787
 0.544925 0.60143
 0.544814 0.586638
 0.543125 0.794299
 0.542599 0.642818
 0.541916 0.552704
 0.541465 0.715682
 0.540372 0.769318
 0.539932 0.674812
 0.538668 0.653793
 0.53507 0.634788
 0.534919 0.646279
 0.532216 0.545468
 0.531722 0.788435
 0.531585 0.54923
 0.531382 0.625738
 0.530823 0.592318
 0.530717 0.737097
 0.530379 0.580424
 0.530097 0.892665
 0.529904 0.844716
 0.529033 0.842618
 0.527769 0.702085
 0.52606 0.642719
 0.525808 0.657284
 0.525757 0.559965
 0.525498 0.663858
 0.524148 0.541865
 0.522945 0.721061
 0.521316 0.550421
 0.518946 0.553217
 0.518889 0.715497
 0.518787 0.695056
 0.515839 0.736754
 0.515589 0.881388
 0.514141 0.54684
 0.513401 0.64799
 0.512982 0.605181
 0.51268 0.546141
 0.512663 0.582814
 0.511175 0.743701
 0.510133 0.536384
 0.507816 0.530353
 0.507801 0.57801
 0.507301 0.518339
 0.506679 0.69206
 0.506426 0.554447
 0.505612 0.563326
 0.505492 0.546048
 0.504966 0.601723
 0.504225 0.793602
 0.504114 0.668757
 0.503681 0.729434
 0.503193 0.51525
 0.502818 0.66025
 0.501932 0.593765
 0.500327 0.597079
 0.500272 0.700107
 0.499131 0.671905
 0.499096 0.574757
 0.494872 0.766504
 0.493297 0.573653
 0.492717 0.672217
 0.492587 0.737512
 0.491587 0.538025
 0.491054 0.63839
 0.48818 0.803834
 0.488163 0.673447
 0.485585 0.504803
 0.484822 0.593707
 0.479119 0.768282
 0.477871 0.598877
 0.475532 0.537278
 0.474906 0.76101
 0.474448 0.525991
 0.473745 0.55935
 0.472701 0.483617
 0.471959 0.679645
 0.470852 0.646422
 0.466495 0.692877
 0.464092 0.577286
 0.462916 0.641646
 0.459451 0.548815
 0.458302 0.57251
 0.458052 0.465001
 0.457055 0.517646
 0.45022 0.528544
 0.446874 0.58585
 0.429179 0.576462
 0.428652 0.516059
 0.428474 0.595587
 0.42681 0.524597
 0.421426 0.444801
 0.412762 0.435597
 0.411964 0.5569
 0.409876 0.418409
 0.409658 0.609441
 0.40842 0.442708
 0.40644 0.454944
 0.399795 0.593498
 0.393412 0.402863
 0.372633 0.394516
 0.366918 0.476977
 0.359125 0.444801
