 0 0.300055
 0 0.30019
 0 0.300198
 0 0.300218
 0 0.300653
 0 0.300663
 0 0.300804
 0 0.301104
 0 0.301233
 0 0.301286
 0 0.301623
 0 0.301884
 0 0.301983
 0 0.302088
 0 0.30216
 0 0.302315
 0 0.302451
 0 0.302906
 0 0.302978
 0 0.303086
 0 0.30371
 0 0.30414
 0 0.304415
 0 0.304878
 0 0.305637
 0 0.305686
 0 0.305713
 0 0.305864
 0 0.305995
 0 0.306215
 0 0.306223
 0 0.306661
 0 0.306695
 0 0.306739
 0 0.306959
 0 0.307057
 0 0.307068
 0 0.30707
 0 0.307164
 0 0.307306
 0 0.307514
 0 0.30756
 0 0.307638
 0 0.307754
 0 0.307953
 0 0.308093
 0 0.3081
 0 0.308277
 0 0.30887
 0 0.309037
 0 0.309303
 0 0.309818
 0 0.309985
 0 0.310073
 0 0.310282
 0 0.310299
 0 0.310319
 0 0.310416
 0 0.310427
 0 0.310682
 0 0.310691
 0 0.310855
 0 0.311178
 0 0.311585
 0 0.311591
 0 0.312056
 0 0.312456
 0 0.312584
 0 0.312843
 0 0.312863
 0 0.313115
 0 0.313784
 0 0.313904
 0 0.313956
 0 0.314452
 0 0.314531
 0 0.3152
 0 0.315213
 0 0.315338
 0 0.315602
 0 0.316134
 0 0.31631
 0 0.316483
 0 0.31671
 0 0.316743
 0 0.316795
 0 0.317641
 0 0.317781
 0 0.317865
 0 0.317927
 0 0.318098
 0 0.318495
 0 0.318674
 0 0.318911
 0 0.318946
 0 0.320321
 0 0.321216
 0 0.321535
 0 0.322112
 0 0.322386
 0 0.322717
 0 0.323246
 0 0.323408
 0 0.323628
 0 0.324348
 0 0.324486
 0 0.325269
 0 0.325278
 0 0.325438
 0 0.325795
 0 0.32582
 0 0.326082
 0 0.326127
 0 0.32644
 0 0.326979
 0 0.327007
 0 0.327888
 0 0.32806
 0 0.328143
 0 0.328612
 0 0.328681
 0 0.328977
 0 0.329231
 0 0.329422
 0 0.330024
 0 0.330088
 0 0.330529
 0 0.330561
 0 0.330684
 0 0.330751
 0 0.330825
 0 0.330898
 0 0.331381
 0 0.331443
 0 0.331825
 0 0.332614
 0 0.332978
 0 0.333316
 0 0.334029
 0 0.334148
 0 0.334902
 0 0.334935
 0 0.33549
 0 0.335561
 0 0.335961
 0 0.336405
 0 0.336588
 0 0.336658
 0 0.336717
 0 0.336857
 0 0.336956
 0 0.33726
 0 0.337309
 0 0.337412
 0 0.337542
 0 0.337633
 0 0.3387
 0 0.339204
 0 0.340132
 0 0.340178
 0 0.340416
 0 0.340477
 0 0.340818
 0 0.341597
 0 0.342101
 0 0.342543
 0 0.342842
 0 0.343088
 0 0.343785
 0 0.344019
 0 0.344022
 0 0.344298
 0 0.344339
 0 0.344478
 0 0.344636
 0 0.34502
 0 0.345479
 0 0.34565
 0 0.345688
 0 0.345711
 0 0.346142
 0 0.3462
 0 0.346269
 0 0.34633
 0 0.346732
 0 0.347624
 0 0.348168
 0 0.348181
 0 0.348315
 0 0.348641
 0 0.348911
 0 0.349289
 0 0.349291
 0 0.34932
 0 0.349535
 0 0.349746
 0 0.350564
 0 0.350669
 0 0.350844
 0 0.351223
 0 0.351306
 0 0.351471
 0 0.351683
 0 0.351992
 0 0.352295
 0 0.352462
 0 0.352932
 0 0.353654
 0 0.353873
 0 0.353969
 0 0.355042
 0 0.355154
 0 0.355371
 0 0.356017
 0 0.356411
 0 0.356582
 0 0.356699
 0 0.357247
 0 0.357285
 0 0.357651
 0 0.357803
 0 0.358208
 0 0.358792
 0 0.358842
 0 0.359239
 0 0.359353
 0 0.359355
 0 0.359809
 0 0.360929
 0 0.361385
 0 0.361603
 0 0.362132
 0 0.362243
 0 0.362419
 0 0.362646
 0 0.363671
 0 0.363773
 0 0.363786
 0 0.363902
 0 0.363924
 0 0.364083
 0 0.364481
 0 0.365041
 0 0.366062
 0 0.366216
 0 0.366949
 0 0.367084
 0 0.367327
 0 0.367915
 0 0.368868
 0 0.369
 0 0.369136
 0 0.369923
 0 0.370268
 0 0.370301
 0 0.370445
 0 0.370524
 0 0.37259
 0 0.372682
 0 0.373122
 0 0.373534
 0 0.373621
 0 0.37404
 0 0.374367
 0 0.374412
 0 0.374517
 0 0.375124
 0 0.375424
 0 0.37546
 0 0.375479
 0 0.376982
 0 0.377155
 0 0.378106
 0 0.378714
 0 0.378927
 0 0.37908
 0 0.37926
 0 0.380199
 0 0.380237
 0 0.380815
 0 0.381219
 0 0.381262
 0 0.381529
 0 0.383519
 0 0.383601
 0 0.383962
 0 0.384625
 0 0.385652
 0 0.386184
 0 0.386569
 0 0.38717
 0 0.388666
 0 0.389413
 0 0.390831
 0 0.39136
 0 0.392995
 0 0.393108
 0 0.394334
 0 0.39445
 0 0.394861
 0 0.395383
 0 0.395426
 0 0.3955
 0 0.396102
 0 0.396645
 0 0.397138
 0 0.397573
 0 0.398546
 0 0.40044
 0 0.401762
 0 0.401904
 0 0.402193
 0 0.402244
 0 0.402428
 0 0.403975
 0 0.404692
 0 0.404988
 0 0.405101
 0 0.405256
 0 0.405765
 0 0.405986
 0 0.406228
 0 0.406674
 0 0.406816
 0 0.408311
 0 0.408456
 0 0.408469
 0 0.408604
 0 0.40881
 0 0.408908
 0 0.409055
 0 0.409703
 0 0.410168
 0 0.410313
 0 0.410951
 0 0.411228
 0 0.411427
 0 0.411681
 0 0.411916
 0 0.412556
 0 0.412756
 0 0.412777
 0 0.414184
 0 0.414602
 0 0.415081
 0 0.415127
 0 0.415655
 0 0.41707
 0 0.418299
 0 0.419395
 0 0.41958
 0 0.419652
 0 0.419746
 0 0.420237
 0 0.421555
 0 0.421917
 0 0.422307
 0 0.422763
 0 0.423264
 0 0.42434
 0 0.425542
 0 0.42627
 0 0.426301
 0 0.427076
 0 0.428343
 0 0.428557
 0 0.42947
 0 0.429699
 0 0.430447
 0 0.431827
 0 0.432226
 0 0.433905
 0 0.4341
 0 0.434886
 0 0.435766
 0 0.435773
 0 0.435897
 0 0.436983
 0 0.437438
 0 0.437547
 0 0.437975
 0 0.438449
 0 0.438625
 0 0.439135
 0 0.44001
 0 0.441976
 0 0.443367
 0 0.443404
 0 0.443911
 0 0.44393
 0 0.444432
 0 0.444609
 0 0.444836
 0 0.444836
 0 0.445034
 0 0.446283
 0 0.446594
 0 0.446759
 0 0.447211
 0 0.44724
 0 0.447487
 0 0.447942
 0 0.448169
 0 0.44824
 0 0.449659
 0 0.449884
 0 0.449927
 0 0.450805
 0 0.451749
 0 0.452059
 0 0.452325
 0 0.453429
 0 0.453818
 0 0.454568
 0 0.455032
 0 0.455107
 0 0.455177
 0 0.455239
 0 0.455575
 0 0.455928
 0 0.457739
 0 0.457907
 0 0.458863
 0 0.460795
 0 0.463465
 0 0.464099
 0 0.464574
 0 0.464746
 0 0.465007
 0 0.465781
 0 0.466935
 0 0.467678
 0 0.467951
 0 0.468181
 0 0.468183
 0 0.469366
 0 0.47019
 0 0.470195
 0 0.470363
 0 0.470742
 0 0.471219
 0 0.473062
 0 0.473406
 0 0.474376
 0 0.47465
 0 0.474888
 0 0.475389
 0 0.475811
 0 0.476013
 0 0.476707
 0 0.476723
 0 0.477747
 0 0.47852
 0 0.478716
 0 0.479507
 0 0.47983
 0 0.480557
 0 0.480905
 0 0.481116
 0 0.481218
 0 0.481991
 0 0.482074
 0 0.483313
 0 0.483625
 0 0.485279
 0 0.485649
 0 0.486396
 0 0.490241
 0 0.490409
 0 0.493183
 0 0.495278
 0 0.497013
 0 0.49813
 0 0.498838
 0 0.498866
 0 0.501079
 0 0.502049
 0 0.50309
 0 0.504015
 0 0.505646
 0 0.505939
 0 0.506414
 0 0.507939
 0 0.508425
 0 0.508998
 0 0.511719
 0 0.511974
 0 0.512803
 0 0.513497
 0 0.51491
 0 0.515536
 0 0.516032
 0 0.516163
 0 0.516709
 0 0.516799
 0 0.518343
 0 0.522496
 0 0.524281
 0 0.525386
 0 0.52718
 0 0.527974
 0 0.52943
 0 0.530599
 0 0.530618
 0 0.531649
 0 0.533909
 0 0.535722
 0 0.535888
 0 0.536412
 0 0.539075
 0 0.544537
 0 0.548554
 0 0.549935
 0 0.552628
 0 0.55314
 0 0.553538
 0 0.564724
 0 0.56788
 0 0.569599
 0 0.569887
 0 0.572575
 0 0.57399
 0 0.589674
 0 0.592065
 0 0.600012
 0 0.606721
 0 0.607546
 0 0.609566
 0 0.621473
 0 0.624025
 0 0.63444
 0 0.640122
 0 0.679048
 0 0.686725
 0 0.700414
 0 0.703816
 0 0.730533
 0 0.783764
 0 0.843127
 0 5.99405
 0 6.37676
 0 11.6578
 0 -1
